[  2.24788254   7.70736369  14.37742626  21.56669545  29.55032633
  38.68148133  45.48217887  45.02414636  37.48592569  26.09025919
  14.92018932   5.46528367  -3.30741045 -12.77928665 -24.52953878
 -40.43974528 -60.27748391 -77.37139321 -86.2327446  -87.11962466
 -81.68478278 -71.62472325 -58.88491918 -45.49273272 -33.02431561
 -22.31406957 -13.61669895  -6.88768208  -1.96012986   1.385085
   3.39989857] [ -4.11718173 -11.44017441 -17.71495257 -23.70181283 -29.17637069
 -33.67637851 -35.38380302 -33.49309948 -29.12146139 -22.89862866
 -14.20741918  -2.97937632   9.74962889  22.908548    35.4898817
  45.44296515  49.88934883  48.67991791  45.28801524  42.16788562
  39.70666235  37.16296613  33.5944801   28.54942021  22.33356384
  15.76200818   9.68669911   4.66574027   0.90464621  -1.63927106
  -3.13602511] [  0.16868402  -0.54468006  -2.62179341  -5.58877914  -9.59944085
 -14.95401297 -18.52258824 -15.71148279  -7.54338653   2.10316796
   9.68530298  13.27841822  12.84614036   9.16457892   2.14357345
  -9.33209011 -24.66097497 -37.73236195 -44.10636985 -44.59482538
 -40.88419194 -34.37653261 -26.57500253 -19.05912517 -12.97523208
  -8.71486962  -6.07115332  -4.57766494  -3.76688977  -3.28942842
  -2.93407852] 